{
  "n_models": 6,
  "n_params": 85798656,
  "models": [
    {
      "name": "google/vit-base-patch16-224",
      "description": "Supervised ImageNet"
    },
    {
      "name": "google/vit-base-patch16-224-in21k",
      "description": "Supervised ImageNet-21k"
    },
    {
      "name": "timm/vit_base_patch16_224.dino",
      "description": "DINO (self-supervised)"
    },
    {
      "name": "timm/vit_base_patch16_224.mae",
      "description": "MAE (masked autoencoder)"
    },
    {
      "name": "timm/vit_base_patch16_clip_224.openai",
      "description": "CLIP OpenAI"
    },
    {
      "name": "timm/vit_base_patch16_clip_224.laion2b",
      "description": "CLIP LAION-2B"
    }
  ],
  "variance_explained": [
    0.8861320671847236,
    0.037847561436802,
    0.0378253800356719,
    0.03780710974862334,
    0.00038788159417830315,
    8.465246233656656e-16
  ],
  "pc1_projections": {
    "Supervised ImageNet": -517.4282460728044,
    "Supervised ImageNet-21k": -517.5085246037082,
    "DINO (self-supervised)": 258.7334709459674,
    "MAE (masked autoencoder)": 258.75854337218414,
    "CLIP OpenAI": 258.7554356073085,
    "CLIP LAION-2B": 258.6893207510594
  },
  "cosine_similarities": [
    [
      0.9999999999999601,
      0.9994076310742693,
      0.052809563126268465,
      0.05269618934901453,
      0.05269800469448772,
      0.052964690759228945
    ],
    [
      0.9994076310742693,
      0.9999999999999827,
      0.048780199532666976,
      0.048667079282592444,
      0.04866730254946577,
      0.048939323803929985
    ],
    [
      0.052809563126268465,
      0.048780199532666976,
      1.0000000000000235,
      0.3588829689251699,
      0.3591637386394156,
      0.35889716771186275
    ],
    [
      0.05269618934901453,
      0.048667079282592444,
      0.3588829689251699,
      1.0000000000000335,
      0.3587596103352695,
      0.3589284669576344
    ],
    [
      0.05269800469448772,
      0.04866730254946577,
      0.3591637386394156,
      0.3587596103352695,
      1.0000000000000455,
      0.3590068880329395
    ],
    [
      0.052964690759228945,
      0.048939323803929985,
      0.35889716771186275,
      0.3589284669576344,
      0.3590068880329395,
      0.9999999999999798
    ]
  ],
  "layer_contributions": {
    "encoder.layer.10": 0.13317510598967147,
    "encoder.layer.11": 0.12383716056661426,
    "encoder.layer.9": 0.09710746882273427,
    "encoder.layer.8": 0.0848961058440619,
    "encoder.layer.7": 0.07825843427645776,
    "encoder.layer.6": 0.07472230287111753,
    "encoder.layer.0": 0.07306779885679507,
    "encoder.layer.5": 0.07091647233221574,
    "encoder.layer.4": 0.06661203353493476,
    "encoder.layer.1": 0.06428819118830544,
    "encoder.layer.3": 0.06310456539872736,
    "encoder.layer.2": 0.061920782711681444,
    "embeddings": 0.007840372233777192,
    "layernorm": 0.000253205372905755
  }
}